208.734481811523440
203.971588134765621
209.93293762207032
207.581970214843753
208.20759582519534
204.58625793457035
203.56672668457036
210.38830566406257
207.661468505859388
206.175155639648449
200.7965698242187510
205.876419067382811
202.788040161132812
206.1672058105468813
211.649612426757814
205.2885437011718815
206.1588287353515616
207.256713867187517
206.289062518
207.3079528808593819
206.7095336914062520
208.1628723144531221
204.5196685791015622
207.4015045166015623
203.97387695312524
208.1799926757812525
207.724685668945326
206.033126831054727
201.8883666992187528
210.422897338867229
208.907836914062530
204.7077789306640631
206.0776214599609432
212.975540161132833
210.0108795166015634
207.696701049804735
208.2139739990234436
210.7636566162109437
206.8315124511718838
208.7514648437539
204.238449096679740
207.8767242431640641
204.2000885009765642
203.8506927490234443
206.339187622070344
206.7792358398437545
201.056961059570346
206.4078521728515647
207.9928894042968848
207.0164947509765649
206.3737945556640650
206.523971557617251
208.670532226562552
204.5527648925781253
208.8014984130859454
204.118209838867255
207.4256896972656256
205.096755981445357
205.2209167480468858
205.900344848632859
208.735229492187560
205.046066284179761
208.2998962402343862
206.2055969238281263
203.019973754882864
203.935668945312565
205.9231872558593866
207.745040893554767
206.1858520507812568
204.6108398437569
205.7021179199218870
208.641479492187571
206.8199310302734472
207.6526184082031273
203.470046997070374
206.6334838867187575
204.8690338134765676
207.7868804931640677
207.0729064941406278
209.5480804443359479
209.026000976562580
206.8211975097656281
210.5733795166015682
207.1311187744140683
209.1807250976562584
204.5365905761718885
205.170944213867286
204.4406433105468887
204.854125976562588
210.3973541259765689
202.9513092041015690
207.4792175292968891
205.481613159179792
207.226882934570393
205.5394439697265694
205.149414062595
205.3775482177734496
205.468307495117297
209.842651367187598
210.1482543945312599
203.45457458496094100
205.21768188476562101
205.40267944335938102
205.9939422607422103
207.0266876220703104
200.7445068359375105
211.28298950195312106
207.83103942871094107
207.8284912109375108
207.850830078125109
206.8482666015625110
206.91433715820312111
207.01693725585938112
203.94679260253906113
206.42575073242188114
208.60594177246094115
207.76222229003906116
208.208984375117
207.66549682617188118
203.02647399902344119
206.90640258789062120
203.37396240234375121
207.6739959716797122
208.00552368164062123
205.6939697265625124
208.24778747558594125
208.17864990234375126
210.3459014892578127
206.2115936279297128
205.8683319091797129
205.78468322753906130
206.90451049804688131
209.4456787109375132
207.1465301513672133
208.39120483398438134
204.69537353515625135
206.97691345214844136
207.36386108398438137
203.05084228515625138
210.74359130859375139
203.87969970703125140
202.4551239013672141
204.26666259765625142
203.56871032714844143
205.2590789794922144
206.3997039794922145
204.66867065429688146
204.41392517089844147
207.41708374023438148
205.62356567382812149
202.89466857910156150
206.0513916015625151
210.0745086669922152
211.5596923828125153
204.8948974609375154
206.45822143554688155
204.83229064941406156
205.59426879882812157
209.42269897460938158
207.09246826171875159
208.59751892089844160
202.07652282714844161
208.02972412109375162
205.7964324951172163
206.70245361328125164
206.65101623535156165
207.45257568359375166
206.42068481445312167
207.8338165283203168
205.068115234375169
209.76614379882812170
205.5898895263672171
207.06716918945312172
205.53250122070312173
207.2420196533203174
204.28260803222656175
202.39572143554688176
209.72438049316406177
206.94883728027344178
205.1633758544922179
207.7628631591797180
207.675048828125181
209.44923400878906182
205.1486358642578183
210.5258331298828184
208.17198181152344185
208.17361450195312186
211.07493591308594187
207.7101593017578188
205.76956176757812189
204.12945556640625190
210.568603515625191
207.87841796875192
209.64828491210938193
204.91265869140625194
206.6636199951172195
209.13714599609375196
204.08145141601562197
200.06103515625198
209.10601806640625199
207.718994140625200
205.2999267578125201
208.4049530029297202
207.56173706054688203
205.6448211669922204
206.67837524414062205
209.21697998046875206
209.28579711914062207
204.7389678955078208
210.02117919921875209
206.3868408203125210
208.49317932128906211
208.23434448242188212
205.2033233642578213
210.36778259277344214
206.5279541015625215
203.108642578125216
208.74554443359375217
205.9280548095703218
211.50816345214844219
208.92369079589844220
204.30575561523438221
205.70004272460938222
206.52748107910156223
208.6770477294922224
207.2686004638672225
209.7962188720703226
206.87545776367188227
211.97802734375228
208.43280029296875229
206.625732421875230
206.29580688476562231
205.0387725830078232
207.48924255371094233
205.3126983642578234
205.5741729736328235
206.5255126953125236
206.1853485107422237
203.54562377929688238
208.92205810546875239
204.96067810058594240
212.8414764404297241
204.0681915283203242
207.60147094726562243
204.433837890625244
205.35333251953125245
208.42637634277344246
206.9983367919922247
209.2185516357422248
211.6813201904297249
205.69171142578125250
206.23394775390625251
210.96983337402344252
205.7645263671875253
209.34791564941406254
206.25979614257812255
209.1186981201172256
205.58059692382812257
202.9298095703125258
204.01473999023438259
208.64361572265625260
207.35916137695312261
204.27516174316406262
204.7632598876953263
205.54078674316406264
205.34019470214844265
207.0008544921875266
204.6504669189453267
205.2030487060547268
208.68247985839844269
206.75558471679688270
207.68307495117188271
202.21719360351562272
203.9892578125273
212.0172119140625274
204.853759765625275
205.9307861328125276
210.5000457763672277
205.5796661376953278
203.23658752441406279
208.6318817138672280
201.24795532226562281
210.81602478027344282
210.9461669921875283
207.05972290039062284
211.60107421875285
205.241943359375286
206.65585327148438287
203.7151336669922288
207.76649475097656289
205.64385986328125290
203.70803833007812291
205.7488555908203292
204.61288452148438293
210.0372772216797294
206.36929321289062295
206.0982208251953296
206.85580444335938297
209.21998596191406298
209.5669403076172299
204.9660186767578300
203.7510223388672301
204.8300323486328302
207.53651428222656303
209.56622314453125304
202.4770965576172305
201.8371124267578306
208.2233428955078307
205.83010864257812308
206.86904907226562309
204.61526489257812310
207.86721801757812311
209.1885223388672312
206.8951873779297313
205.73516845703125314
205.20016479492188315
206.6649169921875316
208.31484985351562317
204.53196716308594318
208.50558471679688319
207.53759765625320
207.68792724609375321
207.40293884277344322
206.35186767578125323
206.29151916503906324
203.52435302734375325
206.0574951171875326
206.14781188964844327
202.5784149169922328
207.4176788330078329
211.9246063232422330
205.71444702148438331
204.94712829589844332
207.24034118652344333
206.03286743164062334
206.55087280273438335
207.15411376953125336
205.73023986816406337
210.00680541992188338
208.6521759033203339
203.52244567871094340
207.69528198242188341
209.43185424804688342
211.1483917236328343
205.78436279296875344
204.4845428466797345
207.7870330810547346
208.59336853027344347
204.44696044921875348
206.6216583251953349
204.14686584472656350
207.82212829589844351
206.4393310546875352
209.57870483398438353
210.21267700195312354
205.7473907470703355
208.55284118652344356
210.10601806640625357
204.70558166503906358
205.84742736816406359
208.04971313476562360
202.5464324951172361
204.43150329589844362
207.87936401367188363
210.17811584472656364
208.38360595703125365
203.465576171875366
204.8019561767578367
202.7742462158203368
204.775146484375369
204.49110412597656370
204.54005432128906371
206.43978881835938372
204.2537078857422373
208.12493896484375374
212.44943237304688375
200.17593383789062376
211.2564239501953377
206.5487518310547378
208.8424072265625379
205.9889373779297380
207.1149444580078381
209.41159057617188382
202.8072967529297383
211.5317840576172384
205.9357452392578385
205.2370147705078386
204.9826202392578387
204.2527618408203388
208.17457580566406389
205.9322967529297390
206.57826232910156391
207.1226043701172392
209.90185546875393
212.0769500732422394
209.67343139648438395
207.25466918945312396
206.37814331054688397
205.27984619140625398
209.0816192626953399
204.66018676757812400
210.57272338867188401
204.02821350097656402
204.68099975585938403
209.34779357910156404
207.00299072265625405
212.81507873535156406
203.76365661621094407
204.27915954589844408
204.17408752441406409
206.44456481933594410
205.75225830078125411
210.09884643554688412
207.87733459472656413
208.81906127929688414
207.47918701171875415
209.15281677246094416
205.31101989746094417
204.92747497558594418
207.9352264404297419
204.4427947998047420
205.18724060058594421
203.86123657226562422
204.12852478027344423
206.4715118408203424
204.117919921875425
207.37742614746094426
205.6539764404297427
207.76437377929688428
205.97727966308594429
205.28370666503906430
206.32252502441406431
205.33973693847656432
202.88551330566406433
207.066650390625434
202.98989868164062435
204.21060180664062436
212.4445343017578437
208.17938232421875438
209.33897399902344439
206.3854217529297440
203.6102294921875441
209.04405212402344442
205.7665557861328443
208.41912841796875444
205.94349670410156445
208.67425537109375446
208.078369140625447
201.47067260742188448
205.4412841796875449
208.56996154785156450
206.03396606445312451
202.60794067382812452
203.76019287109375453
209.59747314453125454
206.1972198486328455
206.46986389160156456
209.50830078125457
205.64410400390625458
209.2122802734375459
206.3556671142578460
202.15403747558594461
205.008544921875462
207.06748962402344463
208.83636474609375464
205.53073120117188465
206.59034729003906466
206.48033142089844467
206.27960205078125468
207.90611267089844469
206.77853393554688470
209.1782989501953471
208.76747131347656472
206.47933959960938473
208.72544860839844474
207.49124145507812475
206.43899536132812476
206.6313018798828477
205.2213134765625478
208.5164031982422479
