204.340637207031250
202.215240478515621
203.85200500488282
208.116912841796883
207.58857727050784
204.916412353515625
204.375885009765626
206.15483093261727
206.109146118164068
208.064361572265629
202.5288238525390610
203.9749603271484411
203.661087036132812
207.442916870117213
206.9804992675781214
209.0094604492187515
207.414871215820316
203.9740905761718817
202.8726196289062518
203.503051757812519
203.859542846679720
208.6069946289062521
208.5430755615234422
206.1665954589843823
205.4914855957031224
203.42407226562525
209.388351440429726
209.445358276367227
205.701538085937528
206.2398986816406229
211.4901428222656230
207.387573242187531
208.3028869628906232
205.8336791992187533
202.059936523437534
209.122482299804735
204.3251800537109436
204.8865051269531237
205.8491210937538
209.5023345947265639
207.8479309082031240
206.1287536621093841
207.78393554687542
202.8908996582031243
202.7250976562544
204.5211791992187545
206.2213439941406246
208.349731445312547
205.790206909179748
208.1756286621093849
204.4876098632812550
212.7207946777343851
203.749023437552
207.537033081054753
203.1359558105468854
207.5489349365234455
212.0234222412109456
204.251510620117257
201.8480072021484458
204.5703277587890659
207.687301635742260
207.544021606445361
208.5508880615234462
206.4369964599609463
205.1577758789062564
204.617752075195365
206.104690551757866
203.7996978759765667
202.40698242187568
201.6593170166015669
209.0147857666015670
203.8085327148437571
208.369186401367272
205.8168029785156273
204.772537231445374
207.035934448242275
204.039871215820376
205.4907379150390677
200.7144927978515678
211.818771362304779
206.4516906738281280
207.1504974365234481
207.8881530761718882
207.2375183105468883
211.243484497070384
203.555053710937585
205.524047851562586
209.4007415771484487
205.5005798339843888
205.0105133056640689
209.271194458007890
206.2191009521484491
207.9418640136718892
203.094528198242293
201.2290191650390694
210.4611206054687595
208.8053283691406296
204.6665954589843897
211.198410034179798
208.634353637695399
204.99676513671875100
208.21826171875101
205.25881958007812102
207.18675231933594103
207.2261505126953104
206.1904754638672105
208.68585205078125106
207.1735076904297107
202.99777221679688108
205.5256805419922109
205.80502319335938110
205.0048828125111
205.81710815429688112
204.199951171875113
207.33749389648438114
205.15394592285156115
205.2201385498047116
207.07623291015625117
207.54916381835938118
205.02403259277344119
211.23329162597656120
206.6314239501953121
206.66847229003906122
203.58900451660156123
207.19586181640625124
204.05169677734375125
206.83950805664062126
209.10496520996094127
205.23712158203125128
204.72128295898438129
207.04141235351562130
208.90554809570312131
209.01129150390625132
202.4757537841797133
205.96900939941406134
205.74114990234375135
209.60150146484375136
211.98031616210938137
209.92942810058594138
209.2247314453125139
207.94891357421875140
202.3689422607422141
209.20997619628906142
208.72276306152344143
212.8435821533203144
206.52655029296875145
206.0601806640625146
205.06715393066406147
208.2721405029297148
205.57107543945312149
206.72544860839844150
206.1291046142578151
207.93846130371094152
207.64205932617188153
205.80197143554688154
205.2805633544922155
206.74911499023438156
205.40402221679688157
208.4064483642578158
204.25563049316406159
206.46875160
209.92874145507812161
208.57815551757812162
208.0619659423828163
205.3399200439453164
208.42633056640625165
210.57669067382812166
205.01612854003906167
206.31939697265625168
207.61033630371094169
210.84519958496094170
207.40821838378906171
206.04173278808594172
204.59246826171875173
208.3069610595703174
205.5488739013672175
204.63223266601562176
209.16368103027344177
211.78346252441406178
209.47622680664062179
207.0834503173828180
206.02850341796875181
207.382080078125182
209.66445922851562183
205.593017578125184
205.69154357910156185
207.0740203857422186
211.7126922607422187
208.0545196533203188
205.21676635742188189
206.97857666015625190
209.10076904296875191
206.05393981933594192
203.4033966064453193
204.9672393798828194
208.12802124023438195
205.6915283203125196
205.4683074951172197
204.7985382080078198
210.7685546875199
205.5355224609375200
202.26260375976562201
208.2653350830078202
210.57545471191406203
207.93128967285156204
204.60427856445312205
208.68136596679688206
200.85308837890625207
204.49684143066406208
206.9130096435547209
210.1181640625210
198.83200073242188211
203.75552368164062212
210.73245239257812213
203.75872802734375214
206.94435119628906215
207.7370147705078216
205.3248748779297217
207.6192169189453218
200.73907470703125219
207.77137756347656220
203.49078369140625221
206.83018493652344222
209.74923706054688223
209.0401611328125224
205.86268615722656225
207.27120971679688226
207.96726989746094227
205.50975036621094228
208.2371368408203229
207.92984008789062230
204.7427215576172231
208.14842224121094232
207.53750610351562233
202.85760498046875234
205.9863739013672235
208.42971801757812236
203.51412963867188237
207.8613739013672238
200.8333740234375239
209.2428741455078240
204.233154296875241
205.98516845703125242
210.31163024902344243
207.91241455078125244
205.03475952148438245
206.81739807128906246
204.55213928222656247
208.166748046875248
204.84225463867188249
208.09677124023438250
204.4276580810547251
204.3401336669922252
206.30177307128906253
205.4043731689453254
210.08636474609375255
202.45457458496094256
205.2972412109375257
202.41470336914062258
205.10792541503906259
205.2920379638672260
203.31861877441406261
205.6000518798828262
205.9734344482422263
208.3953399658203264
205.6259002685547265
204.4457550048828266
210.3779296875267
209.6204833984375268
208.06777954101562269
208.4961700439453270
202.63771057128906271
204.4983673095703272
208.78244018554688273
207.72813415527344274
207.49969482421875275
207.41925048828125276
208.79566955566406277
204.3279266357422278
204.05322265625279
207.89772033691406280
209.50816345214844281
202.64230346679688282
204.5016632080078283
206.61041259765625284
204.7691650390625285
203.12478637695312286
204.01766967773438287
208.64346313476562288
202.78233337402344289
206.891845703125290
204.68954467773438291
207.01025390625292
205.5087432861328293
212.52023315429688294
205.26370239257812295
206.3152618408203296
210.57049560546875297
207.3157501220703298
207.9838104248047299
208.0923309326172300
204.8032684326172301
204.9981231689453302
206.5534210205078303
206.52572631835938304
206.4296112060547305
208.42185974121094306
203.78689575195312307
211.03904724121094308
210.34771728515625309
206.5087127685547310
209.11863708496094311
208.07435607910156312
204.38894653320312313
204.9298095703125314
208.06866455078125315
208.00393676757812316
205.48028564453125317
208.8929901123047318
209.1725616455078319
205.8932342529297320
204.35635375976562321
206.9929656982422322
208.8092041015625323
208.22064208984375324
200.9005889892578325
206.88763427734375326
205.85592651367188327
206.63429260253906328
207.0178985595703329
212.8867950439453330
203.23622131347656331
204.83944702148438332
208.5000762939453333
207.74522399902344334
209.5601806640625335
205.38221740722656336
208.5970001220703337
204.52978515625338
206.11306762695312339
207.56336975097656340
203.80516052246094341
205.49765014648438342
205.68284606933594343
204.52403259277344344
210.60684204101562345
208.26722717285156346
206.65850830078125347
208.1246795654297348
206.5584259033203349
209.9036407470703350
206.97564697265625351
202.8119354248047352
202.57638549804688353
211.45620727539062354
208.30047607421875355
204.27613830566406356
207.24041748046875357
209.9122772216797358
206.45938110351562359
203.6976318359375360
203.87757873535156361
210.29281616210938362
206.3707275390625363
209.14129638671875364
207.57481384277344365
204.62258911132812366
204.17091369628906367
204.43724060058594368
202.46417236328125369
205.79214477539062370
206.9005889892578371
207.9379119873047372
207.5790557861328373
207.04705810546875374
204.008056640625375
203.77703857421875376
207.66189575195312377
206.70449829101562378
208.16831970214844379
209.35826110839844380
207.43328857421875381
207.47767639160156382
207.4878692626953383
202.39036560058594384
206.0020751953125385
206.88421630859375386
204.57809448242188387
207.83432006835938388
204.7000274658203389
207.52159118652344390
207.01828002929688391
206.4469451904297392
211.6882781982422393
208.242431640625394
205.70004272460938395
204.59461975097656396
204.08506774902344397
211.2807159423828398
207.98475646972656399
208.8762664794922400
206.85121154785156401
209.01272583007812402
205.65977478027344403
206.50514221191406404
205.99847412109375405
205.67518615722656406
204.1376190185547407
204.37387084960938408
208.114013671875409
208.3803253173828410
209.45315551757812411
211.76095581054688412
208.10134887695312413
209.4621124267578414
209.5005645751953415
203.78060913085938416
206.0825958251953417
210.6376953125418
204.2185821533203419
205.404052734375420
206.93124389648438421
205.74932861328125422
208.55369567871094423
204.63580322265625424
210.04031372070312425
205.94276428222656426
206.62863159179688427
204.4338836669922428
208.58180236816406429
205.5952911376953430
209.29962158203125431
204.26776123046875432
205.28721618652344433
208.76036071777344434
206.265625435
203.4950714111328436
205.88360595703125437
206.0072784423828438
205.6607666015625439
203.9365692138672440
206.14146423339844441
204.90736389160156442
209.95220947265625443
203.97109985351562444
202.9791717529297445
206.54135131835938446
205.09524536132812447
201.57614135742188448
205.56246948242188449
205.45167541503906450
209.5974884033203451
211.23277282714844452
205.70201110839844453
208.29367065429688454
207.56622314453125455
208.603271484375456
207.00689697265625457
201.37545776367188458
207.86090087890625459
210.0388946533203460
203.70013427734375461
209.9456329345703462
203.16360473632812463
210.2964630126953464
208.6279754638672465
207.37542724609375466
208.76597595214844467
206.93972778320312468
209.8618621826172469
210.37986755371094470
209.53842163085938471
