206.337615966796880
206.07096862792971
207.8615722656252
208.172180175781253
208.147155761718754
208.487823486328125
204.483047485351566
202.60676574707037
205.361846923828128
207.23200988769539
208.2405700683593810
209.3790588378906211
206.4885864257812512
205.7469635009765613
207.247970581054714
210.09545898437515
205.3040161132812516
202.653121948242217
213.8075256347656218
209.1445159912109419
203.0533142089843820
207.1026306152343821
206.330932617187522
207.0514068603515623
206.5173950195312524
205.8915405273437525
207.5604400634765626
208.0830993652343827
204.788696289062528
205.9756011962890629
208.817337036132830
205.7360687255859431
206.0108489990234432
206.43432617187533
208.0425415039062534
207.7930755615234435
207.459030151367236
210.7851715087890637
203.6190795898437538
205.962524414062539
204.452194213867240
208.8032226562541
203.7656402587890642
208.8887786865234443
208.6092681884765644
208.965377807617245
206.4916992187546
204.690994262695347
205.0130767822265648
205.1217956542968849
205.648635864257850
204.8948364257812551
203.6422424316406252
208.3569641113281253
210.44116210937554
207.1488342285156255
205.042770385742256
206.9221343994140657
209.992111206054758
203.4244995117187559
208.085891723632860
208.462203979492261
206.5441741943359462
207.9422912597656263
210.91601562564
211.178878784179765
205.6432495117187566
205.988845825195367
206.016067504882868
208.6199645996093869
204.4312896728515670
205.5124664306640671
206.697677612304772
202.0519104003906273
206.9389495849609474
205.9061889648437575
208.775192260742276
202.088211059570377
209.3053894042968878
204.94555664062579
204.9172515869140680
201.0176849365234481
205.1986389160156282
203.921798706054783
207.8354339599609484
210.5979156494140685
206.397048950195386
205.2580718994140687
207.1200866699218888
208.398315429687589
206.5023803710937590
208.857955932617291
206.5716705322265692
205.2315979003906293
206.6369934082031294
209.1746673583984495
210.552856445312596
205.8046264648437597
201.3968811035156298
208.521362304687599
202.03076171875100
206.6504669189453101
205.76734924316406102
205.9607391357422103
213.76197814941406104
208.06808471679688105
206.1737518310547106
206.9777374267578107
208.0405731201172108
204.9038543701172109
203.82925415039062110
204.31031799316406111
210.2560272216797112
207.1314239501953113
205.31982421875114
205.19314575195312115
209.3366241455078116
207.92466735839844117
207.77651977539062118
205.7467498779297119
204.41783142089844120
205.58558654785156121
207.41162109375122
207.80044555664062123
205.76864624023438124
204.4871063232422125
208.6221923828125126
205.4838409423828127
204.790283203125128
205.47091674804688129
209.050048828125130
204.07318115234375131
205.6557159423828132
206.5712432861328133
206.3473358154297134
207.61602783203125135
209.77105712890625136
207.31427001953125137
205.52407836914062138
203.9557647705078139
204.76852416992188140
203.80259704589844141
207.7623748779297142
202.61264038085938143
206.05374145507812144
206.41744995117188145
210.2224884033203146
207.09310913085938147
210.15353393554688148
206.43780517578125149
208.34933471679688150
207.85313415527344151
207.40504455566406152
210.3229522705078153
207.7420196533203154
204.88812255859375155
206.3560028076172156
204.26492309570312157
206.02395629882812158
208.27244567871094159
206.44029235839844160
206.7547149658203161
204.77774047851562162
208.2764129638672163
206.32261657714844164
208.42080688476562165
207.7567901611328166
209.85531616210938167
208.40261840820312168
206.00897216796875169
205.0727996826172170
205.10072326660156171
199.6221160888672172
208.8632049560547173
205.12594604492188174
208.79310607910156175
210.6588897705078176
206.32411193847656177
205.28787231445312178
207.99546813964844179
208.9117431640625180
201.42822265625181
205.0105438232422182
204.81622314453125183
206.24520874023438184
206.59573364257812185
203.12269592285156186
208.68980407714844187
206.88180541992188188
207.3046112060547189
205.7926788330078190
208.9837646484375191
204.9088134765625192
204.47442626953125193
208.0152587890625194
209.29022216796875195
204.41810607910156196
205.74081420898438197
207.46839904785156198
205.7255096435547199
205.2530975341797200
204.73263549804688201
202.7880859375202
208.7436981201172203
209.6807403564453204
208.67694091796875205
205.7039794921875206
206.1123504638672207
205.587646484375208
208.21185302734375209
206.75416564941406210
208.5913543701172211
205.75804138183594212
205.7167205810547213
206.44476318359375214
205.68563842773438215
206.20668029785156216
206.80416870117188217
206.2057342529297218
207.05923461914062219
203.45953369140625220
208.35275268554688221
205.29893493652344222
204.269775390625223
207.23062133789062224
205.934326171875225
210.02317810058594226
209.2416229248047227
207.18359375228
205.46090698242188229
207.39788818359375230
210.1821746826172231
206.88815307617188232
209.39366149902344233
206.1079864501953234
205.76145935058594235
207.37759399414062236
207.62611389160156237
206.4371795654297238
206.87973022460938239
205.06271362304688240
210.68418884277344241
205.95852661132812242
206.07452392578125243
207.41348266601562244
205.76255798339844245
207.44493103027344246
204.7666778564453247
206.63072204589844248
205.38485717773438249
206.01443481445312250
206.7882080078125251
204.27825927734375252
207.4537811279297253
202.9164276123047254
210.3026580810547255
206.42916870117188256
207.02163696289062257
205.10716247558594258
204.53460693359375259
205.83316040039062260
204.82711791992188261
204.3998260498047262
207.11843872070312263
204.62893676757812264
207.10870361328125265
210.771728515625266
203.97560119628906267
203.02439880371094268
200.04928588867188269
206.63308715820312270
210.03526306152344271
202.60452270507812272
208.49501037597656273
206.97625732421875274
205.4132080078125275
207.75399780273438276
204.9483642578125277
206.45346069335938278
206.07186889648438279
203.2440643310547280
205.89352416992188281
206.46682739257812282
205.50653076171875283
200.4244842529297284
205.79254150390625285
206.95069885253906286
201.54074096679688287
204.7715606689453288
206.06983947753906289
209.36483764648438290
202.32896423339844291
204.76536560058594292
205.57008361816406293
206.8385772705078294
207.04171752929688295
209.3829345703125296
207.4527587890625297
209.77554321289062298
207.0680389404297299
202.85867309570312300
203.8055877685547301
206.77725219726562302
205.87503051757812303
206.75743103027344304
207.2156524658203305
207.6265869140625306
207.59661865234375307
204.59596252441406308
208.07298278808594309
204.4618682861328310
205.864013671875311
201.9049072265625312
206.88160705566406313
202.03167724609375314
205.17018127441406315
210.78160095214844316
210.3673858642578317
208.05718994140625318
205.6142120361328319
206.12777709960938320
212.49172973632812321
204.01466369628906322
206.169677734375323
207.8061981201172324
208.31906127929688325
205.0286865234375326
203.09185791015625327
200.9833221435547328
200.3250732421875329
204.34149169921875330
211.9226531982422331
204.21775817871094332
207.0505828857422333
204.66366577148438334
208.2578887939453335
206.5143280029297336
207.504150390625337
208.94705200195312338
205.55712890625339
204.4457550048828340
204.86404418945312341
210.73858642578125342
204.0436248779297343
205.87112426757812344
202.98805236816406345
206.15768432617188346
212.10195922851562347
207.2865753173828348
208.36843872070312349
209.1587371826172350
210.89707946777344351
203.9320831298828352
204.11376953125353
206.07435607910156354
212.7609405517578355
203.5825958251953356
207.95152282714844357
205.5872039794922358
209.8397674560547359
208.3883056640625360
206.6475372314453361
205.31658935546875362
200.35340881347656363
207.0021514892578364
206.98956298828125365
206.4644012451172366
207.2849578857422367
205.7931671142578368
206.62295532226562369
209.0378875732422370
209.1027374267578371
210.67425537109375372
210.462158203125373
207.3013916015625374
204.50274658203125375
202.8822784423828376
206.59228515625377
206.02809143066406378
205.460205078125379
207.7582244873047380
208.7924041748047381
201.67401123046875382
200.93472290039062383
206.21592712402344384
207.47402954101562385
207.25198364257812386
207.82028198242188387
208.2388153076172388
210.27513122558594389
210.6207275390625390
208.88168334960938391
205.61573791503906392
207.59703063964844393
205.11337280273438394
210.39334106445312395
207.083740234375396
203.10714721679688397
205.33607482910156398
204.34390258789062399
204.33970642089844400
203.645751953125401
207.4530792236328402
203.00282287597656403
211.00048828125404
210.947021484375405
205.79673767089844406
209.85130310058594407
205.7485809326172408
209.76715087890625409
209.67153930664062410
207.25558471679688411
203.93869018554688412
207.96165466308594413
207.59613037109375414
203.66455078125415
210.41831970214844416
207.01885986328125417
204.95252990722656418
205.81280517578125419
204.88406372070312420
201.77378845214844421
208.72897338867188422
205.51553344726562423
205.96588134765625424
203.47117614746094425
208.54225158691406426
207.7961883544922427
204.3179473876953428
208.31039428710938429
208.56956481933594430
203.85394287109375431
210.01318359375432
208.83285522460938433
204.98306274414062434
206.78311157226562435
205.05845642089844436
204.93214416503906437
207.76095581054688438
205.5229949951172439
207.80014038085938440
207.4828643798828441
206.4411163330078442
210.42161560058594443
205.2034912109375444
206.3691864013672445
203.2390899658203446
207.91238403320312447
211.3317413330078448
206.09747314453125449
209.66827392578125450
209.55075073242188451
204.9901123046875452
204.8838653564453453
205.9629364013672454
209.76316833496094455
207.11033630371094456
201.62428283691406457
206.71743774414062458
208.81434631347656459
209.1279296875460
205.1209259033203461
206.46658325195312462
207.1927032470703463
202.6182403564453464
207.06961059570312465
204.40365600585938466
205.55288696289062467
208.37948608398438468
206.79136657714844469
205.65713500976562470
207.94509887695312471
