203.68290710449220
209.16365051269531
205.27246093752
208.34635925292973
207.009490966796884
204.82482910156255
209.429702758789066
207.092132568359387
207.279083251953128
205.77770996093759
205.588211059570310
211.0191802978515611
209.164596557617212
206.3659820556640613
206.5621032714843814
209.1754455566406215
206.610549926757816
206.731323242187517
205.435180664062518
202.3900756835937519
210.4478912353515620
205.9424438476562521
207.994949340820322
208.264648437523
211.012161254882824
200.3620300292968825
202.6257934570312526
207.8464660644531227
207.829757690429728
208.115036010742229
211.3118591308593830
209.3097534179687531
201.8979492187532
203.358810424804733
206.2257232666015634
205.225219726562535
207.3113098144531236
206.823608398437537
209.57739257812538
206.189987182617239
206.3081970214843840
208.1557464599609441
206.9957427978515642
205.8766021728515643
205.1063385009765644
208.1367034912109445
208.2354125976562546
208.231246948242247
206.9418334960937548
209.379562377929749
210.3349914550781250
208.588989257812551
206.5687103271484452
205.8189086914062553
211.9141998291015654
204.4999847412109455
205.700119018554756
209.3176574707031257
201.9915618896484458
209.380661010742259
209.5922698974609460
203.4250793457031261
203.6996459960937562
208.894409179687563
204.788650512695364
205.6719055175781265
206.3716735839843866
203.1346130371093867
205.3910522460937568
205.2171936035156269
208.3111267089843870
205.2769927978515671
211.351119995117272
211.3121490478515673
208.1766204833984474
201.3421478271484475
210.3142242431640676
206.8528137207031277
206.2125091552734478
209.2097778320312579
204.7427368164062580
205.432495117187581
205.6559906005859482
202.3943939208984483
205.7480621337890684
203.667282104492285
206.1196594238281286
211.4310913085937587
206.0126037597656288
205.5443725585937589
203.8320007324218890
206.3852233886718891
202.8602905273437592
206.1796722412109493
211.6506195068359494
205.3408508300781295
200.5437927246093896
205.6575012207031297
210.4465484619140698
210.1692810058593899
202.96719360351562100
208.4656524658203101
206.02755737304688102
206.80003356933594103
208.085693359375104
209.18905639648438105
205.9612274169922106
212.26316833496094107
206.94248962402344108
205.56552124023438109
202.616455078125110
208.46649169921875111
206.5819854736328112
203.1690673828125113
208.77467346191406114
204.67080688476562115
208.44187927246094116
208.15130615234375117
210.5294189453125118
206.9186248779297119
207.25765991210938120
209.9420166015625121
206.44175720214844122
205.6752471923828123
207.68771362304688124
207.1396942138672125
206.89068603515625126
206.5612030029297127
210.1107940673828128
206.68280029296875129
210.96182250976562130
209.08566284179688131
207.32676696777344132
207.99134826660156133
211.21237182617188134
205.5820770263672135
200.9530487060547136
209.58786010742188137
205.86546325683594138
209.0897674560547139
206.70953369140625140
202.7900848388672141
208.61102294921875142
202.77291870117188143
205.94154357910156144
204.9002227783203145
205.42437744140625146
203.5116729736328147
207.15115356445312148
204.69578552246094149
206.9535369873047150
206.30418395996094151
209.03564453125152
203.49562072753906153
211.201416015625154
206.42410278320312155
207.5035858154297156
207.56268310546875157
205.8164825439453158
205.01588439941406159
201.366455078125160
205.9657440185547161
211.4412841796875162
210.78628540039062163
206.11279296875164
202.4801025390625165
205.7241668701172166
210.3766326904297167
209.21424865722656168
209.88052368164062169
206.29246520996094170
207.70193481445312171
206.7734832763672172
212.6204071044922173
207.44602966308594174
205.4578094482422175
204.39031982421875176
201.5438232421875177
204.7718048095703178
207.33665466308594179
208.15420532226562180
205.57369995117188181
204.73834228515625182
208.26905822753906183
209.45254516601562184
205.98143005371094185
208.7430877685547186
205.8868408203125187
205.93014526367188188
203.13540649414062189
206.54736328125190
208.08319091796875191
206.6592254638672192
211.80064392089844193
209.73721313476562194
205.07493591308594195
206.45057678222656196
206.6476593017578197
203.45248413085938198
210.3838653564453199
208.7953338623047200
210.14385986328125201
205.7409210205078202
208.39340209960938203
203.04579162597656204
204.4123077392578205
210.9570770263672206
205.63243103027344207
207.03445434570312208
204.61793518066406209
205.94287109375210
203.88665771484375211
208.48814392089844212
206.5727081298828213
207.38888549804688214
210.09243774414062215
205.54405212402344216
206.4695281982422217
203.20631408691406218
208.39561462402344219
209.3948211669922220
205.44683837890625221
210.21182250976562222
206.0358123779297223
206.75070190429688224
207.6375274658203225
206.667236328125226
205.33570861816406227
210.1587677001953228
200.95619201660156229
203.80911254882812230
206.69996643066406231
205.92822265625232
206.20545959472656233
209.24143981933594234
205.00099182128906235
205.67343139648438236
206.00489807128906237
205.04368591308594238
205.0297088623047239
206.156982421875240
203.55397033691406241
202.54000854492188242
206.84048461914062243
208.6439208984375244
206.53369140625245
206.7760467529297246
211.1102294921875247
203.57601928710938248
204.9139404296875249
202.4406280517578250
210.0076446533203251
206.09832763671875252
209.46604919433594253
206.263916015625254
206.67283630371094255
208.4244842529297256
206.18507385253906257
211.54916381835938258
206.32835388183594259
209.1735382080078260
206.82676696777344261
205.9706573486328262
204.8333740234375263
205.32115173339844264
204.84088134765625265
203.40907287597656266
206.2558135986328267
206.55661010742188268
205.1645965576172269
208.4243927001953270
203.721435546875271
209.14138793945312272
205.65574645996094273
202.34759521484375274
206.5689239501953275
205.8211669921875276
204.98614501953125277
206.51576232910156278
207.44898986816406279
204.6893768310547280
206.40574645996094281
206.2298126220703282
207.49607849121094283
208.1094970703125284
205.74380493164062285
204.53533935546875286
208.32762145996094287
207.41551208496094288
208.88099670410156289
206.3606414794922290
203.7254180908203291
209.97113037109375292
206.03744506835938293
207.65325927734375294
204.89797973632812295
205.99368286132812296
208.90667724609375297
207.68508911132812298
211.60816955566406299
208.18772888183594300
205.4541473388672301
206.70692443847656302
207.9112548828125303
201.56948852539062304
207.2071533203125305
206.7366943359375306
204.65797424316406307
209.81475830078125308
207.45252990722656309
204.62940979003906310
208.0240020751953311
207.9447479248047312
208.1692352294922313
203.01239013671875314
208.7889862060547315
203.1201629638672316
207.45269775390625317
209.09909057617188318
205.78846740722656319
206.83006286621094320
203.7545623779297321
209.6701202392578322
204.2416229248047323
208.32496643066406324
203.43505859375325
204.66912841796875326
206.9297332763672327
203.722412109375328
207.04612731933594329
210.6819610595703330
211.01687622070312331
204.6905975341797332
203.97215270996094333
202.58311462402344334
206.6798858642578335
202.76547241210938336
204.6815185546875337
209.4822235107422338
202.86854553222656339
206.62892150878906340
204.6570587158203341
210.73338317871094342
207.38172912597656343
201.69053649902344344
205.90586853027344345
208.58419799804688346
204.9813232421875347
209.59144592285156348
210.45030212402344349
203.20603942871094350
207.93380737304688351
207.40586853027344352
209.29718017578125353
206.3258056640625354
209.5014190673828355
200.5001678466797356
201.4320068359375357
204.27511596679688358
205.04611206054688359
204.48414611816406360
202.9933624267578361
205.1201171875362
202.79005432128906363
207.5393829345703364
207.72021484375365
210.61212158203125366
207.45436096191406367
205.79331970214844368
207.4420928955078369
205.8575897216797370
209.4732208251953371
206.34085083007812372
203.0535430908203373
210.99176025390625374
212.44482421875375
207.49786376953125376
207.97393798828125377
210.6415252685547378
201.05368041992188379
214.32510375976562380
206.33831787109375381
210.15609741210938382
209.0863800048828383
202.16712951660156384
207.133544921875385
208.27479553222656386
208.28164672851562387
201.25938415527344388
210.836669921875389
205.433837890625390
202.43463134765625391
209.73182678222656392
205.4031982421875393
206.1885528564453394
205.96730041503906395
209.16070556640625396
207.04751586914062397
208.6979522705078398
203.0204315185547399
209.95330810546875400
203.2728729248047401
204.04681396484375402
209.63211059570312403
204.10792541503906404
201.20236206054688405
208.67738342285156406
203.57806396484375407
204.79598999023438408
207.36575317382812409
209.40621948242188410
206.69775390625411
209.22068786621094412
207.50125122070312413
206.3547821044922414
206.44082641601562415
204.4234161376953416
206.49290466308594417
204.35694885253906418
206.1131134033203419
203.5684051513672420
205.47164916992188421
207.2594451904297422
203.92767333984375423
204.76266479492188424
206.9712371826172425
202.87037658691406426
208.4557342529297427
209.72592163085938428
207.49258422851562429
202.68174743652344430
207.66160583496094431
205.50697326660156432
206.3143768310547433
209.9080352783203434
204.67530822753906435
204.66725158691406436
207.35430908203125437
201.97247314453125438
207.34152221679688439
207.78323364257812440
203.57192993164062441
206.3668975830078442
206.76495361328125443
207.96116638183594444
209.25877380371094445
206.10028076171875446
203.7552947998047447
207.3379364013672448
203.46099853515625449
203.47360229492188450
206.9341583251953451
208.50390625452
206.76229858398438453
207.2088165283203454
202.33914184570312455
210.02359008789062456
211.1193084716797457
206.7553253173828458
205.97293090820312459
201.90223693847656460
205.39686584472656461
204.45462036132812462
206.01840209960938463
209.1131134033203464
208.35678100585938465
205.14366149902344466
207.29832458496094467
205.5331268310547468
201.81797790527344469
209.76657104492188470
206.37115478515625471
208.64051818847656472
209.5111846923828473
202.5362548828125474
206.5308380126953475
206.43869018554688476
207.0957489013672477
205.75851440429688478
207.84518432617188479
206.01351928710938480
207.7593994140625481
205.81813049316406482
206.02496337890625483
203.30088806152344484
206.89418029785156485
207.9891357421875486
204.96746826171875487
208.97207641601562488
203.6494140625489
209.24374389648438490
207.46530151367188491
205.59840393066406492
206.94113159179688493
206.554443359375494
207.80914306640625495
209.78236389160156496
204.65052795410156497
206.0958709716797498
206.0536651611328499
203.46630859375500
206.00985717773438501
205.43887329101562502
209.71456909179688503
205.4532012939453504
208.1349639892578505
207.1305694580078506
206.07159423828125507
208.10096740722656508
207.11949157714844509
208.4595489501953510
206.60122680664062511
