208.180114746093750
206.83198547363281
205.244033813476562
209.668975830078123
204.97717285156254
205.762588500976565
210.38594055175786
204.21984863281257
204.913146972656258
205.56037902832039
206.95141601562510
206.0147857666015611
208.0221862792968812
204.6063537597656213
205.5177612304687514
209.819412231445315
206.8265533447265616
214.786087036132817
207.3438110351562518
203.277267456054719
204.10327148437520
206.3306579589843821
206.2202453613281222
203.0737915039062523
204.3056335449218824
206.6568908691406225
210.2129211425781226
205.6420593261718827
207.9022827148437528
208.4009704589843829
201.5090179443359430
204.6025543212890631
208.1811370849609432
206.794631958007833
207.5610351562534
204.016403198242235
204.0861511230468836
208.250900268554737
208.9634399414062538
206.218704223632839
203.3086853027343840
209.7631835937541
205.4042816162109442
206.3015747070312543
213.38867187544
208.0024414062545
203.6315002441406246
206.9461517333984447
210.0058288574218848
205.2712707519531249
209.968338012695350
209.712600708007851
204.036697387695352
206.4803161621093853
209.7904357910156254
205.4459838867187555
205.5176391601562556
208.4893646240234457
206.5555267333984458
210.1363830566406259
204.716598510742260
210.036666870117261
206.2982025146484462
205.533370971679763
206.9784240722656264
205.3445129394531265
206.4492034912109466
207.9398345947265667
208.5430755615234468
200.4296569824218869
203.2278137207031270
203.618041992187571
208.727539062572
206.3900299072265673
209.6079101562574
206.4587249755859475
205.154251098632876
204.2321624755859477
207.101928710937578
206.3459625244140679
205.5240325927734480
208.772018432617281
208.887496948242282
206.5154724121093883
205.8862457275390684
207.648757934570385
205.8946685791015686
206.5516662597656287
206.9110260009765688
202.561965942382889
210.3656158447265690
205.5287475585937591
205.1141510009765692
204.2494201660156293
207.6680603027343894
205.6483306884765695
205.9154663085937596
201.4302673339843897
205.6316833496093898
201.779861450195399
206.47581481933594100
212.4766082763672101
203.1858673095703102
208.02584838867188103
209.3072967529297104
206.51669311523438105
203.34849548339844106
204.48187255859375107
206.40406799316406108
207.65748596191406109
205.8467559814453110
202.65908813476562111
204.15945434570312112
208.9179229736328113
202.82022094726562114
200.15365600585938115
205.37696838378906116
208.17990112304688117
207.89674377441406118
209.6453399658203119
210.6819305419922120
208.90670776367188121
203.98117065429688122
204.2209014892578123
202.82000732421875124
211.03997802734375125
207.1871337890625126
209.71434020996094127
215.1563720703125128
206.65414428710938129
210.8498992919922130
206.55767822265625131
204.58827209472656132
209.43338012695312133
208.64149475097656134
204.22235107421875135
207.09478759765625136
208.1315155029297137
207.14065551757812138
210.41705322265625139
203.7717742919922140
204.66456604003906141
204.70050048828125142
199.4448699951172143
203.77035522460938144
210.94793701171875145
204.0448455810547146
208.9432830810547147
210.0537567138672148
205.9776611328125149
206.8549346923828150
208.40818786621094151
210.0934600830078152
205.36732482910156153
200.36294555664062154
206.94822692871094155
206.10609436035156156
204.72850036621094157
205.54676818847656158
207.7879638671875159
207.3668670654297160
205.0173797607422161
211.32211303710938162
210.0906524658203163
206.96517944335938164
209.26165771484375165
206.7296600341797166
205.06910705566406167
208.11940002441406168
206.79049682617188169
208.4710693359375170
209.10121154785156171
205.34628295898438172
203.56210327148438173
207.98574829101562174
208.97918701171875175
203.13818359375176
208.4068603515625177
206.59483337402344178
208.47366333007812179
208.60684204101562180
202.65032958984375181
207.05377197265625182
202.37991333007812183
206.52304077148438184
209.4611053466797185
203.91224670410156186
206.14407348632812187
208.71804809570312188
203.98583984375189
206.33255004882812190
203.61180114746094191
209.55844116210938192
204.4705352783203193
209.34872436523438194
209.73399353027344195
206.6165771484375196
206.0905303955078197
204.74192810058594198
204.58758544921875199
206.45733642578125200
207.51414489746094201
207.24513244628906202
204.6526336669922203
207.10128784179688204
208.91053771972656205
207.4182586669922206
204.4180450439453207
203.77716064453125208
208.295166015625209
203.6175537109375210
206.9801025390625211
209.41384887695312212
205.01580810546875213
207.2946014404297214
203.6815643310547215
203.25791931152344216
206.94131469726562217
209.68463134765625218
211.81663513183594219
205.98765563964844220
207.5630645751953221
207.7440185546875222
204.00534057617188223
204.10452270507812224
204.2962646484375225
202.5750732421875226
211.22537231445312227
204.48265075683594228
210.84716796875229
210.2409210205078230
206.00144958496094231
210.29725646972656232
203.8861541748047233
203.7347412109375234
203.0725555419922235
205.9618377685547236
207.36056518554688237
206.1070098876953238
205.71295166015625239
206.78981018066406240
202.78085327148438241
207.91232299804688242
207.02833557128906243
207.52682495117188244
210.561279296875245
206.3179473876953246
199.78028869628906247
203.1199188232422248
205.99935913085938249
209.2667694091797250
208.4308319091797251
205.31417846679688252
206.9186553955078253
205.3677520751953254
208.73753356933594255
204.79014587402344256
208.61090087890625257
207.50299072265625258
207.8439178466797259
207.69952392578125260
205.3704071044922261
206.9105224609375262
208.12078857421875263
203.6213836669922264
205.9304656982422265
205.72328186035156266
207.90484619140625267
207.0873565673828268
206.05340576171875269
208.4149627685547270
211.0549774169922271
208.284912109375272
206.08702087402344273
207.55393981933594274
207.53253173828125275
206.3241729736328276
201.2213592529297277
210.06069946289062278
201.9508056640625279
207.90911865234375280
209.1754150390625281
205.42697143554688282
203.4595947265625283
205.92396545410156284
206.80531311035156285
201.87420654296875286
208.89747619628906287
208.2257537841797288
205.3878173828125289
210.32562255859375290
204.31893920898438291
203.7716522216797292
206.44325256347656293
205.07208251953125294
204.22433471679688295
209.68479919433594296
208.83953857421875297
201.23965454101562298
207.3745880126953299
212.87246704101562300
208.0260009765625301
207.2496337890625302
210.93458557128906303
208.94183349609375304
206.47393798828125305
204.4454803466797306
211.34555053710938307
210.506591796875308
204.53231811523438309
207.74075317382812310
203.7458038330078311
209.2152099609375312
206.064697265625313
210.15611267089844314
205.58444213867188315
205.151611328125316
205.5497283935547317
204.82147216796875318
203.99432373046875319
206.99325561523438320
209.78390502929688321
204.87411499023438322
205.01966857910156323
206.55648803710938324
206.251708984375325
205.47573852539062326
212.3990020751953327
209.4149932861328328
207.73605346679688329
206.52159118652344330
205.53176879882812331
203.7178192138672332
207.88681030273438333
204.3466033935547334
203.5291748046875335
207.75477600097656336
204.81155395507812337
209.7733917236328338
206.9513702392578339
209.01780700683594340
206.17156982421875341
208.1927947998047342
208.75714111328125343
205.61837768554688344
204.99862670898438345
211.6410369873047346
206.0847625732422347
200.15664672851562348
207.25721740722656349
206.08181762695312350
205.23419189453125351
204.436279296875352
207.17979431152344353
206.74024963378906354
209.2007598876953355
211.77658081054688356
206.6200714111328357
205.99761962890625358
206.74212646484375359
205.49154663085938360
207.51075744628906361
205.47906494140625362
206.4009246826172363
203.86508178710938364
207.88760375976562365
205.2639617919922366
211.61819458007812367
205.7378387451172368
207.34547424316406369
209.7156219482422370
208.23583984375371
209.1300048828125372
208.0482635498047373
204.1696319580078374
209.20187377929688375
206.05010986328125376
204.9182891845703377
209.93453979492188378
206.14564514160156379
208.11741638183594380
206.2802276611328381
212.62908935546875382
204.23228454589844383
205.4158935546875384
204.8485870361328385
208.73880004882812386
206.75083923339844387
207.9774169921875388
203.48513793945312389
206.48370361328125390
211.13568115234375391
201.35276794433594392
210.6160430908203393
207.96136474609375394
205.23899841308594395
205.42886352539062396
210.6525115966797397
207.91493225097656398
203.8905792236328399
205.165283203125400
202.60511779785156401
206.91148376464844402
206.2537384033203403
207.05715942382812404
205.45001220703125405
206.27728271484375406
205.7376708984375407
205.9661102294922408
207.77381896972656409
205.24649047851562410
205.25146484375411
205.0291748046875412
206.18736267089844413
201.8778839111328414
211.5287628173828415
210.3064727783203416
206.31236267089844417
209.6695556640625418
205.55946350097656419
205.93402099609375420
207.20626831054688421
210.54942321777344422
202.44406127929688423
210.06219482421875424
207.90150451660156425
207.33619689941406426
209.96243286132812427
202.9095001220703428
204.07252502441406429
206.44735717773438430
207.11367797851562431
208.16700744628906432
208.27291870117188433
209.8451385498047434
208.78656005859375435
209.29312133789062436
203.3498077392578437
204.62545776367188438
213.5955352783203439
206.73834228515625440
206.8914794921875441
205.7710418701172442
205.57936096191406443
208.4394989013672444
206.78111267089844445
206.95204162597656446
206.1789093017578447
211.39718627929688448
205.0507354736328449
203.4420928955078450
203.72451782226562451
209.13621520996094452
207.58633422851562453
207.01773071289062454
209.6092071533203455
207.2051239013672456
205.85208129882812457
212.90928649902344458
206.87232971191406459
205.24073791503906460
207.5055694580078461
206.2086639404297462
207.4669952392578463
211.4083709716797464
208.35595703125465
206.0478973388672466
206.8606414794922467
203.5433349609375468
207.05197143554688469
209.5059356689453470
203.3992919921875471
