693.8598022460938,0
695.1680297851562,1
700.368408203125,2
677.4804077148438,3
694.7473754882812,4
703.846923828125,5
693.29443359375,6
677.7734985351562,7
700.5584716796875,8
690.1930541992188,9
673.61962890625,10
690.4039916992188,11
674.3251953125,12
690.7140502929688,13
685.4367065429688,14
697.8092651367188,15
693.7568969726562,16
695.7178344726562,17
689.3526000976562,18
687.2664794921875,19
670.2654418945312,20
691.455810546875,21
686.8619384765625,22
668.5022583007812,23
723.4461669921875,24
690.2427368164062,25
678.8340454101562,26
684.0621948242188,27
700.7639770507812,28
669.8054809570312,29
679.4116821289062,30
697.0960693359375,31
695.6954345703125,32
697.09765625,33
696.6480712890625,34
677.4083251953125,35
682.1328735351562,36
675.3760986328125,37
700.0396118164062,38
699.7911987304688,39
715.9153442382812,40
680.7162475585938,41
672.8121337890625,42
691.653564453125,43
684.9214477539062,44
688.0009765625,45
681.365234375,46
701.7282104492188,47
699.7384033203125,48
694.6624145507812,49
691.0570678710938,50
689.080078125,51
702.17236328125,52
691.2400512695312,53
691.2286376953125,54
693.9891967773438,55
697.7603759765625,56
684.292236328125,57
684.026123046875,58
708.9412841796875,59
678.0449829101562,60
668.8585815429688,61
683.0707397460938,62
684.6292114257812,63
690.3562622070312,64
700.0230102539062,65
692.497802734375,66
672.7999267578125,67
717.8115234375,68
680.5050048828125,69
688.898681640625,70
708.7647705078125,71
693.34814453125,72
688.9285888671875,73
689.9553833007812,74
670.2857055664062,75
702.7225341796875,76
665.4464111328125,77
705.8125,78
677.8034057617188,79
684.1852416992188,80
690.1494140625,81
698.1813354492188,82
679.1109008789062,83
674.5466918945312,84
699.826171875,85
690.7972412109375,86
685.3915405273438,87
678.1078491210938,88
679.0211791992188,89
670.1029663085938,90
705.1222534179688,91
675.7699584960938,92
674.6767578125,93
683.1492919921875,94
672.083251953125,95
678.36083984375,96
674.1819458007812,97
686.185302734375,98
684.3721313476562,99
699.0137329101562,100
691.9282836914062,101
691.345703125,102
669.0297241210938,103
699.184814453125,104
687.7470092773438,105
690.0927734375,106
700.48046875,107
688.3468017578125,108
673.8258056640625,109
678.543701171875,110
688.3545532226562,111
700.0991821289062,112
702.7572021484375,113
695.0064086914062,114
697.8529663085938,115
666.8087768554688,116
654.998291015625,117
674.9853515625,118
680.278076171875,119
679.56640625,120
695.7639770507812,121
706.64892578125,122
682.2274780273438,123
700.177490234375,124
688.6387329101562,125
696.7628784179688,126
697.6661376953125,127
670.5711059570312,128
709.0248413085938,129
686.842529296875,130
694.3236083984375,131
688.3069458007812,132
677.651611328125,133
680.4762573242188,134
695.3497924804688,135
677.0872802734375,136
700.9791259765625,137
676.3883056640625,138
695.1553344726562,139
688.800537109375,140
694.3540649414062,141
681.2916259765625,142
689.8326416015625,143
696.8638305664062,144
701.5503540039062,145
695.7278442382812,146
682.1331787109375,147
685.3508911132812,148
696.77880859375,149
696.4642944335938,150
694.302490234375,151
697.6604614257812,152
672.3853149414062,153
669.0028686523438,154
673.48974609375,155
683.2889404296875,156
678.5888671875,157
683.4476928710938,158
679.4161987304688,159
696.6163940429688,160
709.4827880859375,161
683.1780395507812,162
696.908447265625,163
672.4534912109375,164
711.7921142578125,165
687.8690795898438,166
691.2794189453125,167
681.4901123046875,168
689.6812133789062,169
685.2166137695312,170
693.5255737304688,171
693.408447265625,172
662.9766845703125,173
690.3132934570312,174
688.830078125,175
690.9183349609375,176
688.86865234375,177
679.5426635742188,178
704.1770629882812,179
670.0371704101562,180
681.3483276367188,181
680.6604614257812,182
690.2382202148438,183
691.8717651367188,184
701.4710083007812,185
679.7200927734375,186
680.5946044921875,187
685.4437255859375,188
675.31884765625,189
665.499755859375,190
694.1824951171875,191
689.590087890625,192
680.9088745117188,193
678.9280395507812,194
696.931396484375,195
682.416259765625,196
692.8182983398438,197
709.3739624023438,198
723.2664794921875,199
687.729736328125,200
693.7380981445312,201
698.0746459960938,202
718.9791259765625,203
668.1961059570312,204
674.79931640625,205
674.2571411132812,206
695.0202026367188,207
682.589111328125,208
696.70166015625,209
688.6522827148438,210
675.4089965820312,211
685.09912109375,212
701.3047485351562,213
686.41845703125,214
697.9584350585938,215
683.4073486328125,216
687.5393676757812,217
687.1945190429688,218
696.100830078125,219
672.9240112304688,220
688.1571655273438,221
685.574462890625,222
678.4131469726562,223
704.0919189453125,224
689.182373046875,225
679.2427978515625,226
704.132080078125,227
685.5963134765625,228
685.7918701171875,229
688.6917724609375,230
688.1073608398438,231
676.6748657226562,232
699.4835205078125,233
684.55126953125,234
691.4331665039062,235
713.423095703125,236
681.8330688476562,237
695.4945678710938,238
670.3832397460938,239
694.9989013671875,240
681.2762451171875,241
678.443359375,242
707.5203857421875,243
683.0801391601562,244
697.8933715820312,245
711.7022705078125,246
696.02294921875,247
666.4296875,248
680.1432495117188,249
699.1591796875,250
709.7547607421875,251
684.8818969726562,252
672.8571166992188,253
687.132568359375,254
680.1971435546875,255
678.2183227539062,256
681.8258056640625,257
694.088623046875,258
689.8757934570312,259
675.7470703125,260
677.7843627929688,261
698.4989013671875,262
706.2890625,263
690.9024047851562,264
705.6511840820312,265
669.8445434570312,266
710.2813720703125,267
683.611328125,268
689.745361328125,269
662.9357299804688,270
688.6988525390625,271
708.169677734375,272
718.3689575195312,273
680.5806884765625,274
687.7626953125,275
684.1690673828125,276
689.1607666015625,277
693.53857421875,278
680.776611328125,279
704.45751953125,280
701.967529296875,281
690.3749389648438,282
686.2420043945312,283
670.162841796875,284
681.7684936523438,285
684.0435180664062,286
690.3577880859375,287
700.3424682617188,288
680.1669921875,289
692.6475830078125,290
691.4852294921875,291
708.6895141601562,292
692.505615234375,293
689.0785522460938,294
708.1982421875,295
687.3489379882812,296
692.6138305664062,297
683.1272583007812,298
668.8619384765625,299
707.9388427734375,300
697.4815063476562,301
704.3700561523438,302
688.2188720703125,303
688.66015625,304
684.9119873046875,305
688.3451538085938,306
708.6172485351562,307
697.3660888671875,308
678.2859497070312,309
702.5044555664062,310
687.1124267578125,311
681.4947509765625,312
682.342041015625,313
683.3263549804688,314
690.4495849609375,315
675.8231811523438,316
687.00830078125,317
680.6611328125,318
689.6701049804688,319
688.9976196289062,320
699.1384887695312,321
691.5062866210938,322
698.5668334960938,323
690.859619140625,324
682.7451782226562,325
688.830810546875,326
687.8650512695312,327
704.2630004882812,328
675.8198852539062,329
664.3159790039062,330
682.8821411132812,331
672.4263305664062,332
683.9351196289062,333
677.406494140625,334
702.4411010742188,335
709.6651000976562,336
707.7579345703125,337
698.57958984375,338
693.420166015625,339
716.5108032226562,340
686.2644653320312,341
688.6779174804688,342
692.7883911132812,343
718.71484375,344
688.3136596679688,345
707.1259155273438,346
687.9523315429688,347
696.0657958984375,348
675.3411865234375,349
671.2937622070312,350
693.65673828125,351
678.2355346679688,352
676.9793701171875,353
703.7229614257812,354
669.1117553710938,355
691.5137329101562,356
683.3468627929688,357
688.73681640625,358
672.9220581054688,359
686.7019653320312,360
677.8804321289062,361
692.0875854492188,362
706.6646118164062,363
700.2780151367188,364
696.6329345703125,365
676.0372314453125,366
706.0645141601562,367
685.9876708984375,368
670.8837890625,369
696.9207763671875,370
664.6149291992188,371
687.908935546875,372
673.5364379882812,373
692.9524536132812,374
703.89892578125,375
714.6751098632812,376
689.9335327148438,377
679.0604858398438,378
681.7994995117188,379
710.7633666992188,380
687.8137817382812,381
699.5577392578125,382
692.7825317382812,383
694.1480712890625,384
690.1569213867188,385
697.4203491210938,386
693.1146850585938,387
696.0706176757812,388
695.8524169921875,389
689.5611572265625,390
687.7070922851562,391
679.7073974609375,392
696.532470703125,393
697.7005004882812,394
688.0066528320312,395
698.947509765625,396
680.2498779296875,397
690.0621337890625,398
697.1699829101562,399
681.4234008789062,400
689.4840087890625,401
679.1337890625,402
715.7582397460938,403
669.7884521484375,404
690.7021484375,405
690.6167602539062,406
681.1671752929688,407
685.817138671875,408
660.9877319335938,409
686.883056640625,410
669.2706298828125,411
671.2808227539062,412
700.382080078125,413
679.39892578125,414
684.6513061523438,415
