698.3995971679688,0
685.7926025390625,1
688.81201171875,2
691.09228515625,3
697.736572265625,4
696.6943969726562,5
691.7345581054688,6
692.8641967773438,7
687.05859375,8
675.1954956054688,9
672.3733520507812,10
688.6942138671875,11
687.5474243164062,12
700.8255004882812,13
699.5792846679688,14
707.674072265625,15
700.2305908203125,16
692.978515625,17
702.4251098632812,18
680.132568359375,19
685.79150390625,20
684.5033569335938,21
682.0665893554688,22
673.8524780273438,23
702.330810546875,24
685.248046875,25
692.6310424804688,26
682.6361083984375,27
682.2010498046875,28
695.1080322265625,29
669.8969116210938,30
678.6854248046875,31
678.5094604492188,32
678.03759765625,33
685.867431640625,34
692.6122436523438,35
677.7265014648438,36
684.94091796875,37
679.697509765625,38
684.1879272460938,39
688.4611206054688,40
699.8380737304688,41
698.744140625,42
692.6761474609375,43
706.322509765625,44
681.3619384765625,45
683.318359375,46
696.4259033203125,47
690.1843872070312,48
677.9276123046875,49
673.2424926757812,50
676.87890625,51
696.5442504882812,52
692.14501953125,53
698.3541259765625,54
681.177734375,55
672.8693237304688,56
683.92041015625,57
679.2603149414062,58
673.8258666992188,59
685.8654174804688,60
679.65966796875,61
694.0140380859375,62
680.3364868164062,63
671.90869140625,64
663.5310668945312,65
686.5325927734375,66
694.3816528320312,67
683.654052734375,68
679.4365234375,69
701.643310546875,70
678.2554321289062,71
686.8236083984375,72
687.5280151367188,73
678.3538208007812,74
697.9498901367188,75
698.3570556640625,76
692.8158569335938,77
673.003173828125,78
680.0216064453125,79
703.8812255859375,80
702.9205322265625,81
687.4650268554688,82
691.7825927734375,83
682.52587890625,84
684.0346069335938,85
693.3685913085938,86
697.975341796875,87
691.6821899414062,88
708.356689453125,89
686.7689819335938,90
676.2176513671875,91
695.678466796875,92
690.4183349609375,93
700.8753662109375,94
714.5679931640625,95
687.482177734375,96
698.4430541992188,97
677.4244384765625,98
698.8572998046875,99
693.295654296875,100
698.0880737304688,101
689.2445068359375,102
678.885986328125,103
700.1748657226562,104
676.81640625,105
683.4410400390625,106
705.9392700195312,107
676.708984375,108
702.1408081054688,109
680.9232788085938,110
686.1546020507812,111
723.654052734375,112
703.849853515625,113
682.0988159179688,114
686.2775268554688,115
674.8262329101562,116
712.2780151367188,117
688.3740844726562,118
690.7250366210938,119
682.0894775390625,120
703.050048828125,121
669.3651733398438,122
671.9393920898438,123
702.6778564453125,124
676.0877075195312,125
685.9622802734375,126
693.2827758789062,127
670.21240234375,128
698.9130859375,129
697.8132934570312,130
698.8102416992188,131
693.9227294921875,132
683.72265625,133
679.1267700195312,134
682.665771484375,135
693.4564208984375,136
686.51513671875,137
684.6153564453125,138
683.4113159179688,139
709.5952758789062,140
687.472412109375,141
686.5709228515625,142
687.04736328125,143
703.863525390625,144
695.9462890625,145
693.6880493164062,146
700.8784790039062,147
683.1397094726562,148
661.7215576171875,149
692.4046630859375,150
688.6152954101562,151
693.8901977539062,152
710.3060302734375,153
697.5404663085938,154
679.4166259765625,155
703.1515502929688,156
687.0506591796875,157
696.009521484375,158
680.9569091796875,159
710.122314453125,160
677.80810546875,161
682.3287963867188,162
698.418212890625,163
690.0181884765625,164
675.042724609375,165
687.138671875,166
683.0479736328125,167
694.3256225585938,168
679.3943481445312,169
689.0108642578125,170
693.0014038085938,171
693.0481567382812,172
703.0506591796875,173
697.1133422851562,174
694.4058227539062,175
669.0076293945312,176
699.49560546875,177
672.7822265625,178
712.4656372070312,179
698.426025390625,180
706.9954833984375,181
693.9267578125,182
686.113525390625,183
670.7919311523438,184
692.669921875,185
683.1996459960938,186
700.9622192382812,187
664.5069580078125,188
687.7938232421875,189
692.821533203125,190
681.7176513671875,191
681.0659790039062,192
682.0093383789062,193
689.52880859375,194
703.9300537109375,195
693.8704833984375,196
689.427734375,197
678.9796752929688,198
696.5477294921875,199
684.79150390625,200
681.4075317382812,201
688.0079956054688,202
712.7318115234375,203
702.57861328125,204
682.4591674804688,205
684.5222778320312,206
693.9412841796875,207
707.35498046875,208
686.5986938476562,209
677.7796020507812,210
686.4998779296875,211
707.0709228515625,212
669.6705932617188,213
680.7060546875,214
685.3975219726562,215
692.9865112304688,216
689.3070678710938,217
693.8378295898438,218
685.78955078125,219
689.0806884765625,220
687.3450317382812,221
677.2799682617188,222
697.8184204101562,223
679.5882568359375,224
694.9076538085938,225
676.3327026367188,226
697.729248046875,227
682.1229858398438,228
688.75,229
688.7612915039062,230
703.87841796875,231
675.6459350585938,232
695.3743286132812,233
682.8081665039062,234
680.6785888671875,235
703.16552734375,236
689.5693969726562,237
679.6160888671875,238
679.6976928710938,239
683.750244140625,240
672.4893188476562,241
703.7279052734375,242
675.8930053710938,243
689.5184326171875,244
691.3152465820312,245
704.2443237304688,246
684.410888671875,247
677.7194213867188,248
697.142333984375,249
693.42919921875,250
701.3505859375,251
704.060546875,252
683.6827392578125,253
688.12353515625,254
702.8485107421875,255
692.8165893554688,256
676.6576538085938,257
691.524169921875,258
685.9813842773438,259
702.6305541992188,260
676.7007446289062,261
670.912109375,262
687.7543334960938,263
690.8303833007812,264
687.1098022460938,265
678.0519409179688,266
685.019287109375,267
692.46533203125,268
677.6231689453125,269
709.3606567382812,270
680.2390747070312,271
705.9428100585938,272
684.3291015625,273
700.8668823242188,274
692.7184448242188,275
697.7824096679688,276
680.0526733398438,277
666.1577758789062,278
686.4675903320312,279
678.1412963867188,280
676.7037353515625,281
670.103515625,282
682.6268310546875,283
687.0512084960938,284
708.0840454101562,285
686.4066162109375,286
685.4287719726562,287
690.423095703125,288
679.412109375,289
683.3875122070312,290
688.2811889648438,291
684.6033935546875,292
690.9534301757812,293
705.3283081054688,294
677.5272827148438,295
683.0693359375,296
689.7432250976562,297
694.1797485351562,298
669.0596923828125,299
680.7785034179688,300
669.4287109375,301
693.7904663085938,302
690.3138427734375,303
701.6961669921875,304
680.9851684570312,305
692.9112548828125,306
687.7473754882812,307
687.1205444335938,308
686.8323974609375,309
695.7355346679688,310
676.3033447265625,311
679.7409057617188,312
686.8817138671875,313
676.1179809570312,314
685.0143432617188,315
682.6532592773438,316
697.3731079101562,317
685.2694091796875,318
663.6366577148438,319
684.6866455078125,320
682.08837890625,321
696.4589233398438,322
691.951416015625,323
687.441650390625,324
716.3853759765625,325
677.7313232421875,326
687.1362915039062,327
690.657470703125,328
691.7889404296875,329
696.636474609375,330
692.3262329101562,331
695.5675048828125,332
684.4325561523438,333
680.1456909179688,334
698.4573974609375,335
696.67822265625,336
673.732177734375,337
685.3732299804688,338
669.0162963867188,339
706.0983276367188,340
705.1591796875,341
667.8496704101562,342
705.7610473632812,343
689.7462768554688,344
688.0415649414062,345
685.6416015625,346
677.7767333984375,347
702.4828491210938,348
679.746826171875,349
672.7446899414062,350
686.8394775390625,351
689.932373046875,352
684.0410766601562,353
694.460205078125,354
657.4889526367188,355
684.2216796875,356
681.6549072265625,357
705.9425659179688,358
685.4359741210938,359
689.3861083984375,360
693.3375854492188,361
699.3619995117188,362
712.3695678710938,363
681.121826171875,364
687.6716918945312,365
684.028076171875,366
702.9223022460938,367
681.8377685546875,368
681.6510620117188,369
688.4671630859375,370
671.915771484375,371
694.0877685546875,372
704.7744750976562,373
682.0086059570312,374
694.44287109375,375
715.1732177734375,376
705.0567016601562,377
694.18798828125,378
682.9583129882812,379
691.9304809570312,380
676.5054321289062,381
705.9578857421875,382
689.5648803710938,383
689.1195678710938,384
690.6822509765625,385
667.6900024414062,386
683.81494140625,387
687.8703002929688,388
705.0393676757812,389
698.1979370117188,390
697.56591796875,391
669.8690185546875,392
685.260498046875,393
690.9519653320312,394
672.4429931640625,395
686.6990356445312,396
697.9603881835938,397
682.6856689453125,398
674.9432983398438,399
700.4010620117188,400
686.9816284179688,401
687.7772216796875,402
673.6319580078125,403
684.3407592773438,404
688.4667358398438,405
697.6627197265625,406
680.8204345703125,407
698.73388671875,408
688.9849243164062,409
684.9962158203125,410
683.022705078125,411
705.0700073242188,412
678.4908447265625,413
702.4396362304688,414
686.6053466796875,415
