521.43017578125,0
518.314453125,1
525.9256591796875,2
524.0517578125,3
524.7894287109375,4
513.2933959960938,5
518.6122436523438,6
516.187744140625,7
523.711181640625,8
518.1953735351562,9
521.9337158203125,10
515.6303100585938,11
516.029052734375,12
515.0916748046875,13
529.0951538085938,14
516.1630859375,15
519.5440063476562,16
514.4898681640625,17
531.3698120117188,18
516.1171875,19
513.6428833007812,20
531.0035400390625,21
515.8511352539062,22
516.6096801757812,23
528.6986083984375,24
521.1480712890625,25
526.2644653320312,26
503.0869140625,27
512.0159912109375,28
524.52099609375,29
514.2971801757812,30
526.1884155273438,31
527.650146484375,32
520.7734375,33
516.31396484375,34
516.2503051757812,35
519.337890625,36
517.67626953125,37
518.3379516601562,38
524.3089599609375,39
518.9395141601562,40
519.7948608398438,41
515.1514282226562,42
514.0772705078125,43
530.2512817382812,44
523.6764526367188,45
507.6645202636719,46
520.1856079101562,47
511.6439208984375,48
522.4273681640625,49
519.1289672851562,50
517.74853515625,51
514.5798950195312,52
513.0969848632812,53
514.2481689453125,54
516.1702270507812,55
515.99267578125,56
508.3257141113281,57
517.0140991210938,58
514.8355712890625,59
521.223388671875,60
518.2621459960938,61
520.0394897460938,62
528.7615356445312,63
525.3023681640625,64
526.2550659179688,65
521.6105346679688,66
530.2933349609375,67
525.4171752929688,68
525.8952026367188,69
521.5865478515625,70
513.8779907226562,71
538.5576782226562,72
532.3305053710938,73
515.6134643554688,74
512.9708862304688,75
516.351806640625,76
513.6865234375,77
520.3519897460938,78
514.3369750976562,79
533.78955078125,80
520.299560546875,81
516.1600952148438,82
523.1817016601562,83
521.1795654296875,84
525.1363525390625,85
514.1986083984375,86
513.8200073242188,87
513.9766235351562,88
519.8634643554688,89
533.2056884765625,90
518.9440307617188,91
520.6279296875,92
517.6815795898438,93
520.686279296875,94
528.000244140625,95
522.2706298828125,96
517.7119140625,97
524.6787109375,98
509.9181823730469,99
511.73553466796875,100
519.6056518554688,101
519.3343505859375,102
519.525390625,103
525.688232421875,104
520.0254516601562,105
518.4583129882812,106
530.4752807617188,107
525.2576293945312,108
516.07666015625,109
519.7979125976562,110
520.97314453125,111
523.3186645507812,112
511.8099670410156,113
524.9174194335938,114
524.1928100585938,115
515.3467407226562,116
520.349853515625,117
519.1124877929688,118
530.9653930664062,119
533.1243896484375,120
516.94140625,121
526.5104370117188,122
533.0255126953125,123
528.5279541015625,124
528.8659057617188,125
527.9030151367188,126
518.3269653320312,127
529.343994140625,128
512.7588500976562,129
519.5499267578125,130
503.39013671875,131
517.4176025390625,132
517.654052734375,133
512.5138549804688,134
522.7053833007812,135
522.2634887695312,136
518.0437622070312,137
520.4104614257812,138
512.4667358398438,139
516.9156494140625,140
513.0822143554688,141
520.6592407226562,142
530.6586303710938,143
531.326904296875,144
522.663818359375,145
526.1732788085938,146
511.148193359375,147
526.9609985351562,148
523.10009765625,149
524.508544921875,150
513.3734130859375,151
511.7461242675781,152
524.3662109375,153
524.9557495117188,154
530.7550659179688,155
523.913818359375,156
523.3674926757812,157
519.604736328125,158
529.923583984375,159
524.767822265625,160
529.5117797851562,161
518.1734619140625,162
534.0429077148438,163
500.9991760253906,164
522.9249267578125,165
525.0569458007812,166
514.940185546875,167
527.2196044921875,168
528.27197265625,169
532.6319580078125,170
519.0725708007812,171
517.6294555664062,172
514.13818359375,173
516.3714599609375,174
520.7185668945312,175
505.1936950683594,176
511.8766174316406,177
517.9370727539062,178
510.7329406738281,179
516.8907470703125,180
511.4608154296875,181
526.3438720703125,182
537.6773681640625,183
518.7335815429688,184
515.905029296875,185
521.3060913085938,186
514.907470703125,187
518.2105102539062,188
514.4169311523438,189
528.2999877929688,190
528.504150390625,191
541.1939086914062,192
524.72607421875,193
520.1470336914062,194
514.35693359375,195
516.2200927734375,196
516.1920166015625,197
524.8475341796875,198
516.9452514648438,199
517.4998779296875,200
518.3195190429688,201
511.7723388671875,202
518.6220703125,203
522.8563842773438,204
514.2047119140625,205
501.4169006347656,206
512.3343505859375,207
514.8668823242188,208
523.4528198242188,209
524.5282592773438,210
518.2884521484375,211
521.6703491210938,212
511.79217529296875,213
521.5621337890625,214
518.240966796875,215
526.2020874023438,216
530.5394897460938,217
523.2593994140625,218
517.5711669921875,219
519.9700317382812,220
513.9312744140625,221
510.88690185546875,222
520.6920166015625,223
515.0933837890625,224
506.1316223144531,225
497.9103088378906,226
509.76190185546875,227
526.3743896484375,228
544.2103881835938,229
514.6522216796875,230
533.570556640625,231
522.2810668945312,232
535.2598876953125,233
504.60107421875,234
515.9910278320312,235
532.1004638671875,236
518.1345825195312,237
516.7587890625,238
513.19140625,239
522.95654296875,240
517.4887084960938,241
524.4437866210938,242
519.8936157226562,243
524.3154907226562,244
518.4364624023438,245
519.6356201171875,246
526.1616821289062,247
519.2750244140625,248
507.30291748046875,249
523.185546875,250
513.2840576171875,251
536.3165283203125,252
506.0850524902344,253
511.2480163574219,254
515.6245727539062,255
522.8300170898438,256
517.2594604492188,257
526.7508544921875,258
510.7190246582031,259
522.8599243164062,260
517.6312255859375,261
512.7098999023438,262
535.2666015625,263
524.476318359375,264
517.001220703125,265
511.9908142089844,266
521.2827758789062,267
516.9359741210938,268
528.2726440429688,269
512.826416015625,270
505.28875732421875,271
523.0172729492188,272
518.12548828125,273
523.117431640625,274
520.2030029296875,275
515.2025756835938,276
510.9542236328125,277
517.317138671875,278
501.9880065917969,279
508.3688659667969,280
522.0653076171875,281
513.89111328125,282
526.7188720703125,283
527.6893920898438,284
529.27685546875,285
520.456787109375,286
501.1235656738281,287
513.6947021484375,288
517.275146484375,289
511.7059020996094,290
512.0667724609375,291
513.1343383789062,292
513.7996826171875,293
531.1832885742188,294
523.5977172851562,295
532.9915771484375,296
512.7395629882812,297
529.2244873046875,298
520.7107543945312,299
517.4910888671875,300
520.5146484375,301
529.1065063476562,302
512.762939453125,303
