510.4170837402344,0
523.6373291015625,1
523.3429565429688,2
523.2235107421875,3
510.00860595703125,4
519.6695556640625,5
520.8511352539062,6
514.6654663085938,7
511.35113525390625,8
509.651123046875,9
520.7415161132812,10
520.8768920898438,11
519.9546508789062,12
532.7471923828125,13
522.9390869140625,14
528.0382080078125,15
511.1659240722656,16
521.72314453125,17
525.1620483398438,18
524.7456665039062,19
524.1851196289062,20
524.5921630859375,21
517.56005859375,22
518.1947021484375,23
526.8762817382812,24
508.18292236328125,25
520.8239135742188,26
517.9192504882812,27
509.04742431640625,28
508.93634033203125,29
514.1672973632812,30
516.26904296875,31
512.2415771484375,32
518.4459228515625,33
521.8814086914062,34
517.95263671875,35
513.2645263671875,36
504.46697998046875,37
516.1011962890625,38
518.7655029296875,39
509.05511474609375,40
535.4180297851562,41
514.4005737304688,42
527.7110595703125,43
524.34228515625,44
513.5239868164062,45
516.8084106445312,46
524.4200439453125,47
521.569091796875,48
526.3059692382812,49
512.1630249023438,50
513.42919921875,51
523.3485107421875,52
522.36572265625,53
514.5233154296875,54
524.209716796875,55
527.0841674804688,56
520.277099609375,57
509.5683898925781,58
516.3881225585938,59
525.3992309570312,60
513.2977294921875,61
520.5562133789062,62
528.904052734375,63
508.59423828125,64
511.5992736816406,65
508.5791931152344,66
520.3304443359375,67
522.5860595703125,68
520.054931640625,69
514.3187255859375,70
512.5951538085938,71
521.1976318359375,72
529.0341796875,73
518.5607299804688,74
525.5557250976562,75
519.0479125976562,76
498.2415466308594,77
527.1676635742188,78
518.8895263671875,79
523.0609130859375,80
535.97607421875,81
522.4027099609375,82
516.4093627929688,83
535.6655883789062,84
514.7951049804688,85
521.594970703125,86
516.563720703125,87
519.8881225585938,88
519.8881225585938,89
532.7119140625,90
518.5575561523438,91
532.2550048828125,92
514.88671875,93
515.8876342773438,94
516.8919067382812,95
518.0086669921875,96
523.6002807617188,97
535.8455810546875,98
521.7827758789062,99
528.3543090820312,100
527.2479858398438,101
527.8130493164062,102
525.5796508789062,103
518.6137084960938,104
512.8190307617188,105
536.698486328125,106
520.8677368164062,107
518.9389038085938,108
517.2161254882812,109
503.1123046875,110
505.84918212890625,111
508.2330322265625,112
522.729248046875,113
519.872314453125,114
528.6902465820312,115
526.7626342773438,116
525.524169921875,117
514.1156005859375,118
520.7332763671875,119
508.5260314941406,120
517.080810546875,121
521.6166381835938,122
530.0655517578125,123
513.848388671875,124
521.5162963867188,125
512.41015625,126
515.789794921875,127
530.0213012695312,128
519.9797973632812,129
516.0036010742188,130
520.4000854492188,131
520.73876953125,132
523.8082885742188,133
516.4896850585938,134
511.1584167480469,135
514.3624267578125,136
525.5394287109375,137
524.1993408203125,138
519.6355590820312,139
511.3479919433594,140
520.3528442382812,141
516.2637939453125,142
513.2216186523438,143
528.2649536132812,144
534.3963012695312,145
501.05206298828125,146
512.960693359375,147
515.8097534179688,148
520.6126708984375,149
522.5350341796875,150
510.3340148925781,151
520.8523559570312,152
516.4400024414062,153
513.6070556640625,154
522.5390625,155
527.05078125,156
511.22100830078125,157
525.0196533203125,158
519.013427734375,159
516.7694702148438,160
529.1655883789062,161
511.6775207519531,162
523.3049926757812,163
529.5194702148438,164
517.5233154296875,165
522.1221313476562,166
521.783447265625,167
524.1615600585938,168
535.7882690429688,169
512.4359741210938,170
521.7571411132812,171
512.4129028320312,172
526.2325439453125,173
528.0568237304688,174
508.9505920410156,175
515.7066650390625,176
521.4359741210938,177
523.8892822265625,178
529.71435546875,179
527.452392578125,180
518.0098266601562,181
523.097900390625,182
534.527099609375,183
519.2161254882812,184
522.3479614257812,185
537.1721801757812,186
524.9556884765625,187
528.00390625,188
528.971435546875,189
517.9021606445312,190
525.3245849609375,191
528.1079711914062,192
527.46728515625,193
510.0462646484375,194
523.81103515625,195
515.3189086914062,196
519.37744140625,197
510.25006103515625,198
515.93115234375,199
526.8951416015625,200
519.84814453125,201
520.497802734375,202
515.556884765625,203
533.03662109375,204
518.9486083984375,205
524.36376953125,206
525.71875,207
519.2246704101562,208
514.0795288085938,209
523.9500122070312,210
517.1276245117188,211
508.4664611816406,212
507.1412353515625,213
511.83477783203125,214
531.3799438476562,215
529.4716796875,216
514.4542846679688,217
523.2472534179688,218
519.0783081054688,219
533.4593505859375,220
514.107666015625,221
514.530517578125,222
524.2388305664062,223
501.05120849609375,224
513.77392578125,225
522.4542846679688,226
520.4173583984375,227
515.6525268554688,228
523.8182983398438,229
526.1309814453125,230
520.480712890625,231
522.7593994140625,232
537.7742309570312,233
533.2754516601562,234
515.1171264648438,235
531.5012817382812,236
506.5259094238281,237
521.577392578125,238
516.90380859375,239
524.4990844726562,240
524.9134521484375,241
523.910400390625,242
516.9967651367188,243
509.16259765625,244
519.1008911132812,245
512.9210205078125,246
532.0386962890625,247
533.0033569335938,248
514.413818359375,249
532.6766967773438,250
515.6375732421875,251
535.216796875,252
513.9929809570312,253
520.4552001953125,254
523.7420654296875,255
522.1146240234375,256
525.0357055664062,257
504.2983093261719,258
516.5560913085938,259
526.5379638671875,260
517.0825805664062,261
522.9926147460938,262
526.7274780273438,263
541.7896728515625,264
524.4527587890625,265
512.6366577148438,266
532.7548828125,267
523.5651245117188,268
526.4059448242188,269
518.1653442382812,270
514.9659423828125,271
524.4295654296875,272
520.13818359375,273
519.9794311523438,274
527.4263305664062,275
524.6483154296875,276
516.572998046875,277
518.5435791015625,278
523.1478881835938,279
521.2322387695312,280
516.4015502929688,281
523.3585815429688,282
525.99365234375,283
524.507080078125,284
505.3441162109375,285
504.4527587890625,286
510.12066650390625,287
532.9537963867188,288
505.21441650390625,289
524.1651611328125,290
519.4064331054688,291
522.1126098632812,292
518.94970703125,293
526.1679077148438,294
518.0974731445312,295
529.2076416015625,296
516.42431640625,297
515.6102294921875,298
515.0244750976562,299
508.3087463378906,300
518.0289916992188,301
527.5010375976562,302
518.3331298828125,303
518.1964111328125,304
518.4747924804688,305
510.088623046875,306
516.44287109375,307
504.8664245605469,308
524.2831420898438,309
518.7313842773438,310
513.8646240234375,311
